### LOAD DATA

pop.gradient <- structure(list(dist = c(0L, 10L, 20L, 30L, 40L, 50L, 60L, 70L, 
80L, 90L, 100L, 110L, 120L, 130L, 140L, 150L, 160L, 170L, 180L, 
190L, 200L, 210L, 220L, 230L, 240L, 250L, 260L, 270L, 280L, 290L, 
300L, 310L, 320L, 330L, 340L, 350L, 360L, 370L, 380L, 390L, 400L, 
410L, 420L, 430L, 440L, 450L, 460L, 470L, 480L, 490L, 500L, 510L, 
520L, 530L, 540L, 550L, 560L, 570L, 580L, 590L, 600L, 610L, 620L, 
630L, 640L, 650L, 660L, 670L, 680L, 690L, 700L, 710L, 720L, 730L, 
740L, 750L, 760L, 770L, 780L, 790L, 800L, 810L, 820L, 830L, 840L, 
850L, 860L, 870L, 880L, 890L, 900L, 910L, 920L, 930L, 940L, 950L, 
960L, 970L, 980L, 990L, 1000L, 1010L, 1020L, 1030L, 1040L, 1050L, 
1060L, 1070L, 1080L, 1090L, 1100L, 1110L, 1120L, 1130L, 1140L, 
1150L, 1160L, 1170L, 1180L, 1190L, 1200L, 1210L, 1220L, 1230L, 
1240L, 1250L, 1260L, 1270L, 1280L, 1290L, 1300L, 1310L, 1320L, 
1330L, 1340L, 1350L, 1360L, 1370L, 1380L, 1390L, 1400L, 1410L, 
1420L, 1430L, 1440L, 1450L, 1460L, 1470L, 1480L, 1490L, 1500L, 
1510L, 1520L, 1530L, 1540L, 1550L, 1560L, 1570L, 1580L, 1590L, 
1600L, 1610L, 1620L, 1630L, 1640L, 1650L, 1660L, 1670L, 1680L, 
1690L, 1700L, 1710L, 1720L, 1730L, 1740L, 1750L, 1760L, 1770L, 
1780L, 1790L, 1800L, 1810L, 1820L, 1830L, 1840L, 1850L, 1860L, 
1870L, 1880L, 1890L, 1900L, 1910L, 1920L, 1930L, 1940L, 1950L, 
1960L, 1970L, 1980L, 1990L, 2000L, 2010L, 2020L, 2030L, 2040L, 
2050L, 2060L, 2070L, 2080L, 2090L, 2100L, 2110L, 2120L, 2130L, 
2140L, 2150L, 2160L, 2170L, 2180L, 2190L, 2200L, 2210L, 2220L, 
2230L, 2240L, 2250L, 2260L, 2270L, 2280L, 2290L, 2300L, 2310L, 
2320L, 2330L, 2340L, 2350L, 2360L, 2370L, 2380L, 2390L, 2400L, 
2410L, 2420L, 2430L, 2440L, 2450L, 2460L, 2470L, 2480L, 2490L, 
2500L, 2510L, 2520L, 2530L, 2540L, 2550L, 2560L, 2570L, 2580L, 
2590L, 2600L, 2610L, 2620L, 2630L, 2640L, 2650L, 2660L, 2670L, 
2680L, 2690L, 2700L, 2710L, 2720L, 2730L, 2740L, 2750L, 2760L, 
2770L, 2780L, 2790L, 2800L, 2810L, 2820L, 2830L, 2840L, 2850L, 
2860L, 2870L, 2880L, 2890L, 2900L), chicago = c(0, 0.000157558735761154, 
0.000641180057160496, 0.00121281659266154, 0.00208941165214078, 
0.00510573946834184, 0.00618028740419771, 0.0149563228406688, 
0.0164726996118489, 0.0210296400392006, 0.0261791857399591, 0.0326316962076059, 
0.0350865593238266, 0.038457815571225, 0.0431162004842812, 0.0554549495043278, 
0.0616189207301673, 0.0749744892169457, 0.080325396663888, 0.0879148586500213, 
0.0933802016630671, 0.114054848831187, 0.121657350227632, 0.133159936992745, 
0.137013548317843, 0.144160801273342, 0.150607051406362, 0.153392629667769, 
0.156629844514682, 0.160770938267507, 0.16862758089625, 0.172582820360719, 
0.178419111559859, 0.189634705640355, 0.196112399214251, 0.203200506023202, 
0.211978175010706, 0.222518564775853, 0.230412411771007, 0.244190731665767, 
0.261254999068908, 0.273462732140973, 0.28234552835349, 0.292022745886773, 
0.302639390587387, 0.315586445658317, 0.331494816217389, 0.34451084129502, 
0.361598474599712, 0.372010342240347, 0.38126447650025, 0.391402500414381, 
0.397880023222587, 0.416071566495792, 0.440694348631289, 0.464141766634083, 
0.478188913610462, 0.485556373755909, 0.498474511429373, 0.503122482857348, 
0.509270540654097, 0.520461911782599, 0.525796490163207, 0.532300971396438, 
0.536754627579427, 0.540060770547117, 0.547793595162802, 0.553863799914988, 
0.562199134214087, 0.570837809596101, 0.578506999827391, 0.590780036276819, 
0.591753507034303, 0.595243216674505, 0.600137876862317, 0.602676266954794, 
0.604077895626438, 0.605705647069283, 0.607676470004865, 0.60917897286925, 
0.615994817950822, 0.617435539077447, 0.620835738498264, 0.623939553121527, 
0.63079762243639, 0.634310337114799, 0.638351281623566, 0.652214578391949, 
0.661129088692851, 0.661534583100184, 0.671606098611141, 0.672210106521833, 
0.676475765790359, 0.678101632366627, 0.681050955592556, 0.683040411320288, 
0.698546544908109, 0.705981180409518, 0.707776536765872, 0.709647790416343, 
0.714566483458495, 0.722587934309829, 0.723346762261257, 0.728283669236319, 
0.738343070049285, 0.738827181113794, 0.740897083591378, 0.745025601901049, 
0.747513860986599, 0.750050015015137, 0.754589624335974, 0.761333580284149, 
0.765832473264956, 0.76633040346236, 0.767158059652747, 0.767470038901971, 
0.769390792048515, 0.769681444918483, 0.77083585642325, 0.771660541935034, 
0.772011230221934, 0.772168212220743, 0.772627091849091, 0.774228777359289, 
0.774515367294638, 0.776083734163367, 0.779329332639049, 0.780224602376602, 
0.782854004137736, 0.78382135955033, 0.784128383372556, 0.784368090071078, 
0.784407691601134, 0.785075623875693, 0.785273067676995, 0.785657441912697, 
0.785657441912697, 0.789151034055847, 0.789403329085499, 0.789454146377179, 
0.78977087162378, 0.79015539084922, 0.790897457987097, 0.791418850745877, 
0.79198424950071, 0.794752822077011, 0.799174564407979, 0.800401928304212, 
0.800767070456854, 0.80083592769376, 0.801061744375516, 0.801246683617535, 
0.801459953854084, 0.802265033531486, 0.80276687200779, 0.803285132988259, 
0.803527932801162, 0.803993617281148, 0.804262463694731, 0.806123068654548, 
0.806852869660709, 0.807039091256398, 0.807207443672551, 0.820946990089752, 
0.824901001974451, 0.824917227936973, 0.826431581295829, 0.826431581295829, 
0.828010036228231, 0.834965277664561, 0.835123519463081, 0.835165688922471, 
0.836961454472082, 0.837886099130269, 0.838110288704981, 0.838110288704981, 
0.838399987864681, 0.838725834576712, 0.839011970210886, 0.846493901364371, 
0.846597743013721, 0.855177443014877, 0.855358525529902, 0.855492289838891, 
0.855496665306942, 0.856942573844143, 0.857226508856315, 0.869153641680149, 
0.869307363020882, 0.870875662227734, 0.881856282719109, 0.917640320003819, 
0.931183569649635, 0.934239176796477, 0.938515723183224, 0.946013857745272, 
0.949138969749844, 0.95159864652532, 0.964517096732216, 0.965653120316389, 
0.970117286644284, 0.972153077869838, 0.98918828610777, 0.990113990802032, 
0.991205399433256, 0.993874035417113, 0.996493851745662, 0.997213567910145, 
1, 1, 1, 1, 1, 1, 1, 1, 1, 1, 1, 1, 1, 1, 1, 1, 1, 1, 1, 1, 1, 
1, 1, 1, 1, 1, 1, 1, 1, 1, 1, 1, 1, 1, 1, 1, 1, 1, 1, 1, 1, 1, 
1, 1, 1, 1, 1, 1, 1, 1, 1, 1, 1, 1, 1, 1, 1, 1, 1, 1, 1, 1, 1, 
1, 1, 1, 1, 1, 1, 1, 1, 1, 1, 1, 1, 1, 1, 1, 1, 1, 1, 1, 1),